metadata:
  generator: "C3DProcessorApp"
  timestamp: "2025-12-06 22:57:26"
  version: v1
  skeleton_from: "@data/skeleton/base_v2.xml"

skeleton:
  name: "Human"
  nodes:
    - {name: Pelvis, parent: None, ee: false, 
       body: {type: Box, mass: 3.31, size: [ 0.1850,  0.1407,  0.0883], contact: false, obj: "Pelvis.obj",
       R: [[ 1.0000,  0.0000,  0.0000], [ 0.0000,  1.0000,  0.0000], [ 0.0000,  0.0000,  1.0000]],
       t: [-0.5193,  0.6081, -0.3390]}, 

       joint: {type: Free, bvh: Character1_Hips,
       R: [[ 1.0000,  0.0000,  0.0000], [ 0.0000,  1.0000,  0.0000], [ 0.0000,  0.0000,  1.0000]],
       t: [ 0.1268,  0.4427, -0.4521]}}

    - {name: FemurR, parent: Pelvis, ee: false, 
       body: {type: Box, mass: 3.42, size: [ 0.1212,  0.2570,  0.1051], contact: false, obj: "R_Femur.obj",
       R: [[ 0.9785, -0.0140, -0.2058], [-0.0171, -0.9998, -0.0133], [-0.2055,  0.0165, -0.9785]],
       t: [-0.0780, -0.1815, -0.0363]}, 

       joint: {type: Ball, bvh: Character1_RightUpLeg, 
       lower: [-1.6000, -1.6000, -1.6000], upper: [ 1.6000,  1.6000,  1.6000],
       kp: [250.0,  50.0, 200.0], kv: [ 10.0,  15.0,  15.0],
       R: [[ 1.0000,  0.0000,  0.0000], [ 0.0000,  1.0000,  0.0000], [ 0.0000,  0.0000,  1.0000]],
       t: [-0.0579, -0.0220, -0.0049]}}

    - {name: TibiaR, parent: FemurR, ee: false, 
       body: {type: Box, mass: 2.19, size: [ 0.0757,  0.2973,  0.0950], contact: false, obj: "R_Tibia.obj",
       R: [[ 0.9773,  0.0690,  0.2003], [-0.0489,  0.9934, -0.1035], [-0.2061,  0.0914,  0.9743]],
       t: [ 0.0084,  0.2870,  0.0121]}, 

       joint: {type: Revolute, bvh: Character1_RightLeg, axis: [ 1.0000,  0.0000,  0.0000], 
       lower: [-0.1000], upper: [ 2.3000],
       kp: [250.0], kv: [ 10.0],
       R: [[ 0.9785, -0.0171, -0.2055], [-0.0140, -0.9998,  0.0165], [-0.2058, -0.0133, -0.9785]],
       t: [-0.0028,  0.1180, -0.0067]}}

    - {name: TalusR, parent: TibiaR, ee: True, 
       body: {type: Box, mass: 0.42, size: [ 0.0500,  0.0420,  0.1175], contact: true, obj: "TalusR.obj",
       R: [[ 0.9994,  0.0349,  0.0000], [ 0.0348, -0.9956, -0.0872], [-0.0030,  0.0871, -0.9962]],
       t: [-0.0094,  0.1917, -0.0310]}, 

       joint: {type: Ball, bvh: Character1_RightFoot, 
       lower: [-0.8000, -0.4000, -0.4000], upper: [ 0.8000,  0.4000,  0.4000],
       kp: [250.0, 100.0, 250.0], kv: [ 10.0,  10.0,  10.0],
       R: [[ 0.9994,  0.0349,  0.0000], [ 0.0348, -0.9956, -0.0872], [-0.0030,  0.0871, -0.9962]],
       t: [-0.0460,  0.1552, -0.0160]}}

    - {name: FootPinkyR, parent: TalusR, ee: false, 
       body: {type: Box, mass: 0.04, size: [ 0.0269,  0.0221,  0.0421], contact: true, obj: "FootPinkyR.obj",
       R: [[ 1.0000,  0.0000,  0.0000], [ 0.0000,  1.0000, -0.0000], [ 0.0000, -0.0000,  1.0000]],
       t: [-0.0210, -0.0079,  0.0787]}, 

       joint: {type: Revolute, axis: [ 1.0000,  0.0000,  0.0000], 
       lower: [-0.6000], upper: [ 0.6000],
       kp: [250.0], kv: [ 10.0],
       R: [[ 1.0000,  0.0000,  0.0000], [ 0.0000,  1.0000, -0.0000], [ 0.0000, -0.0000,  1.0000]],
       t: [-0.0191, -0.0242,  0.0551]}}

    - {name: FootThumbR, parent: TalusR, ee: false, 
       body: {type: Box, mass: 0.04, size: [ 0.0279,  0.0201,  0.0396], contact: true, obj: "FootThumbR.obj",
       R: [[ 1.0000,  0.0000,  0.0000], [ 0.0000,  1.0000, -0.0000], [ 0.0000, -0.0000,  1.0000]],
       t: [ 0.0107, -0.0080,  0.0883]}, 

       joint: {type: Revolute, axis: [ 1.0000,  0.0000,  0.0000], 
       lower: [-0.6000], upper: [ 0.6000],
       kp: [250.0], kv: [ 10.0],
       R: [[ 1.0000,  0.0000,  0.0000], [ 0.0000,  1.0000, -0.0000], [ 0.0000, -0.0000,  1.0000]],
       t: [ 0.0112, -0.0241,  0.0687]}}

    - {name: FemurL, parent: Pelvis, ee: false, 
       body: {type: Box, mass: 1.69, size: [ 0.0609,  0.2845,  0.0936], contact: false, obj: "L_Femur.obj",
       R: [[ 0.9785, -0.0140, -0.2058], [ 0.0171,  0.9998,  0.0133], [ 0.2055, -0.0165,  0.9785]],
       t: [ 0.1189, -0.1492,  0.0140]}, 

       joint: {type: Ball, bvh: Character1_LeftUpLeg, 
       lower: [-1.6000, -1.6000, -1.6000], upper: [ 1.6000,  1.6000,  1.6000],
       kp: [250.0,  50.0, 200.0], kv: [ 10.0,  15.0,  15.0],
       R: [[ 1.0000,  0.0000,  0.0000], [ 0.0000,  1.0000,  0.0000], [ 0.0000,  0.0000,  1.0000]],
       t: [ 0.0591, -0.0207, -0.0030]}}

    - {name: TibiaL, parent: FemurL, ee: false, 
       body: {type: Box, mass: 1.91, size: [ 0.0998,  0.2968,  0.0628], contact: false, obj: "L_Tibia.obj",
       R: [[ 0.9773,  0.0690,  0.2003], [-0.0489,  0.9934, -0.1035], [-0.2061,  0.0914,  0.9743]],
       t: [-0.0092, -0.2994, -0.0119]}, 

       joint: {type: Revolute, bvh: Character1_LeftLeg, axis: [ 1.0000,  0.0000,  0.0000], 
       lower: [-0.1000], upper: [ 2.3000],
       kp: [250.0], kv: [ 10.0],
       R: [[ 0.9785,  0.0171,  0.2055], [-0.0140,  0.9998, -0.0165], [-0.2058,  0.0133,  0.9785]],
       t: [ 0.0014, -0.1306,  0.0060]}}

    - {name: TalusL, parent: TibiaL, ee: True, 
       body: {type: Box, mass: 0.41, size: [ 0.0457,  0.0451,  0.1176], contact: true, obj: "TalusL.obj",
       R: [[ 0.9994, -0.0349, -0.0000], [ 0.0348,  0.9956,  0.0872], [-0.0030, -0.0871,  0.9962]],
       t: [ 0.0257, -0.2011,  0.0256]}, 

       joint: {type: Ball, bvh: Character1_LeftFoot, 
       lower: [-0.8000, -0.4000, -0.4000], upper: [ 0.8000,  0.4000,  0.4000],
       kp: [250.0, 100.0, 250.0], kv: [ 10.0,  10.0,  10.0],
       R: [[ 0.9994, -0.0349, -0.0000], [ 0.0348,  0.9956,  0.0872], [-0.0030, -0.0871,  0.9962]],
       t: [ 0.0627, -0.1660,  0.0086]}}

    - {name: FootPinkyL, parent: TalusL, ee: false, 
       body: {type: Box, mass: 0.04, size: [ 0.0246,  0.0238,  0.0422], contact: true, obj: "FootPinkyL.obj",
       R: [[ 1.0000, -0.0000, -0.0000], [-0.0000,  1.0000, -0.0000], [-0.0000, -0.0000,  1.0000]],
       t: [ 0.0192, -0.0085,  0.0788]}, 

       joint: {type: Revolute, axis: [ 1.0000,  0.0000,  0.0000], 
       lower: [-0.6000], upper: [ 0.6000],
       kp: [250.0], kv: [ 10.0],
       R: [[ 1.0000, -0.0000, -0.0000], [-0.0000,  1.0000, -0.0000], [-0.0000, -0.0000,  1.0000]],
       t: [ 0.0175, -0.0260,  0.0552]}}

    - {name: FootThumbL, parent: TalusL, ee: false, 
       body: {type: Box, mass: 0.04, size: [ 0.0255,  0.0216,  0.0396], contact: true, obj: "FootThumbL.obj",
       R: [[ 1.0000, -0.0000, -0.0000], [-0.0000,  1.0000, -0.0000], [-0.0000, -0.0000,  1.0000]],
       t: [-0.0097, -0.0086,  0.0884]}, 

       joint: {type: Revolute, axis: [ 1.0000,  0.0000,  0.0000], 
       lower: [-0.6000], upper: [ 0.6000],
       kp: [250.0], kv: [ 10.0],
       R: [[ 1.0000, -0.0000, -0.0000], [-0.0000,  1.0000, -0.0000], [-0.0000, -0.0000,  1.0000]],
       t: [-0.0103, -0.0258,  0.0688]}}

    - {name: Spine, parent: Pelvis, ee: false, 
       body: {type: Box, mass: 3.68, size: [ 0.0685,  0.0616,  0.0480], contact: false, obj: "Spine.obj",
       R: [[ 1.0000,  0.0000,  0.0000], [ 0.0000,  1.0000,  0.0000], [ 0.0000,  0.0000,  1.0000]],
       t: [ 0.0001,  0.1554,  0.0145]}, 

       joint: {type: Ball, bvh: Character1_Spine, 
       lower: [-0.2500, -0.2500, -0.2500], upper: [ 0.2500,  0.2500,  0.2500],
       kp: [200.0, 200.0, 200.0], kv: [ 20.0,  40.0,  40.0],
       R: [[ 1.0000,  0.0000,  0.0000], [ 0.0000,  1.0000,  0.0000], [ 0.0000,  0.0000,  1.0000]],
       t: [ 0.0262,  0.0323, -0.0155]}}

    - {name: Torso, parent: Spine, ee: false, 
       body: {type: Box, mass: 3.40, size: [ 0.1470,  0.1502,  0.1078], contact: false, obj: "Torso.obj",
       R: [[ 1.0000,  0.0000,  0.0000], [ 0.0000,  1.0000,  0.0000], [ 0.0000,  0.0000,  1.0000]],
       t: [-0.0001,  0.1561,  0.0147]}, 

       joint: {type: Ball, bvh: Character1_Spine1, 
       lower: [-0.6000, -0.6000, -0.6000], upper: [ 0.6000,  0.6000,  0.6000],
       kp: [200.0, 200.0, 200.0], kv: [ 20.0,  40.0,  40.0],
       R: [[ 1.0000,  0.0000,  0.0000], [ 0.0000,  1.0000,  0.0000], [ 0.0000,  0.0000,  1.0000]],
       t: [ 0.0302,  0.1872,  0.0079]}}

    - {name: Neck, parent: Torso, ee: false, 
       body: {type: Box, mass: 0.78, size: [ 0.0793,  0.0598,  0.0618], contact: false, obj: "Neck.obj",
       R: [[ 1.0000,  0.0000,  0.0000], [ 0.0000,  1.0000,  0.0000], [ 0.0000,  0.0000,  1.0000]],
       t: [-0.0025,  0.1212,  0.0049]}, 

       joint: {type: Ball, bvh: Character1_Neck, 
       lower: [-0.1000, -0.6000, -0.0500], upper: [ 0.6000,  0.6000,  0.0500],
       kp: [200.0, 200.0, 200.0], kv: [ 40.0,  40.0,  40.0],
       R: [[ 1.0000,  0.0000,  0.0000], [ 0.0000,  1.0000,  0.0000], [ 0.0000,  0.0000,  1.0000]],
       t: [-0.0390, -0.0483, -0.0462]}}

    - {name: Head, parent: Neck, ee: True, 
       body: {type: Box, mass: 4.29, size: [ 0.1129,  0.0940,  0.1106], contact: false, obj: "Skull.obj",
       R: [[ 1.0000,  0.0000,  0.0000], [ 0.0000,  1.0000,  0.0000], [ 0.0000,  0.0000,  1.0000]],
       t: [-0.0030,  0.1186, -0.0034]}, 

       joint: {type: Ball, 
       lower: [-0.6000, -0.6000, -0.6000], upper: [ 0.6000,  0.6000,  0.6000],
       kp: [200.0, 200.0, 200.0], kv: [ 40.0,  40.0,  40.0],
       R: [[ 1.0000,  0.0000,  0.0000], [ 0.0000,  1.0000,  0.0000], [ 0.0000,  0.0000,  1.0000]],
       t: [-0.0339,  0.0346, -0.0162]}}

    - {name: ArmR, parent: Torso, ee: false, 
       body: {type: Box, mass: 0.40, size: [ 0.2455,  0.0400,  0.0368], contact: false, obj: "R_Humerus.obj",
       R: [[ 0.9960,  0.0361, -0.0812], [-0.0669, -0.2971, -0.9525], [-0.0585,  0.9542, -0.2935]],
       t: [-0.2355,  0.0817, -0.0023]}, 

       joint: {type: Ball, bvh: Character1_RightArm, 
       lower: [-2.0000, -2.0000, -2.0000], upper: [ 2.0000,  2.0000,  2.0000],
       kp: [100.0, 100.0, 100.0], kv: [  1.0,   1.0,   1.0],
       R: [[ 1.0000,  0.0000,  0.0000], [ 0.0000,  1.0000,  0.0000], [ 0.0000,  0.0000,  1.0000]],
       t: [-0.1134,  0.0622, -0.0101]}}

    - {name: ForeArmR, parent: ArmR, ee: false, 
       body: {type: Box, mass: 0.51, size: [ 0.1838,  0.0354,  0.0358], contact: false, obj: "R_Radius.obj",
       R: [[ 0.9987,  0.0507, -0.0026], [-0.0508,  0.9974, -0.0519], [-0.0000,  0.0520,  0.9986]],
       t: [-0.2231, -0.0066,  0.0044]}, 

       joint: {type: Revolute, bvh: Character1_RightForeArm, axis: [ 0.0000,  1.0000,  0.0000], 
       lower: [ 0.0000], upper: [ 2.3000],
       kp: [150.0], kv: [  1.0],
       R: [[ 0.9960, -0.0669, -0.0585], [ 0.0361, -0.2971,  0.9542], [-0.0812, -0.9525, -0.2935]],
       t: [-0.1222, -0.0042,  0.0033]}}

    - {name: HandR, parent: ForeArmR, ee: True, 
       body: {type: Box, mass: 0.34, size: [ 0.0913,  0.0073,  0.0591], contact: false, obj: "R_Hand.obj",
       R: [[ 0.9613,  0.2636,  0.0799], [-0.0736,  0.5255, -0.8476], [-0.2654,  0.8089,  0.5246]],
       t: [-0.1510,  0.0135,  0.0077]}, 

       joint: {type: Ball, bvh: Character1_RightHand, 
       lower: [-0.7000, -0.7000, -0.7000], upper: [ 0.7000,  0.7000,  0.7000],
       kp: [ 80.0,  80.0,  80.0], kv: [  1.0,   1.0,   1.0],
       R: [[ 0.9929, -0.0517, -0.1069], [ 0.0823, -0.3492,  0.9334], [-0.0856, -0.9356, -0.3425]],
       t: [-0.1010,  0.0084,  0.0028]}}

    - {name: ArmL, parent: Torso, ee: false, 
       body: {type: Box, mass: 0.36, size: [ 0.2361,  0.0384,  0.0354], contact: false, obj: "L_Humerus.obj",
       R: [[ 0.9960,  0.0361, -0.0812], [ 0.0669,  0.2971,  0.9525], [ 0.0585, -0.9542,  0.2935]],
       t: [ 0.2442,  0.0667,  0.0253]}, 

       joint: {type: Ball, bvh: Character1_LeftArm, 
       lower: [-2.0000, -2.0000, -2.0000], upper: [ 2.0000,  2.0000,  2.0000],
       kp: [100.0, 100.0, 100.0], kv: [  1.0,   1.0,   1.0],
       R: [[ 1.0000,  0.0000,  0.0000], [ 0.0000,  1.0000,  0.0000], [ 0.0000,  0.0000,  1.0000]],
       t: [ 0.1274,  0.0668, -0.0048]}}

    - {name: ForeArmL, parent: ArmL, ee: false, 
       body: {type: Box, mass: 0.45, size: [ 0.1757,  0.0338,  0.0343], contact: false, obj: "L_Radius.obj",
       R: [[ 0.9987,  0.0507, -0.0026], [-0.0508,  0.9974, -0.0519], [-0.0000,  0.0520,  0.9986]],
       t: [ 0.2139,  0.0064, -0.0042]}, 

       joint: {type: Revolute, bvh: Character1_LeftForeArm, axis: [ 0.0000, -1.0000,  0.0000], 
       lower: [ 0.0000], upper: [ 2.3000],
       kp: [150.0], kv: [  1.0],
       R: [[ 0.9960,  0.0669,  0.0585], [ 0.0361,  0.2971, -0.9542], [-0.0812,  0.9525,  0.2935]],
       t: [ 0.1175,  0.0040, -0.0032]}}

    - {name: HandL, parent: ForeArmL, ee: True, 
       body: {type: Box, mass: 0.30, size: [ 0.0872,  0.0069,  0.0565], contact: false, obj: "L_Hand.obj",
       R: [[ 0.9613,  0.2636,  0.0799], [-0.0736,  0.5255, -0.8476], [-0.2654,  0.8089,  0.5246]],
       t: [ 0.1443, -0.0129, -0.0074]}, 

       joint: {type: Ball, bvh: Character1_LeftHand, 
       lower: [-0.7000, -0.7000, -0.7000], upper: [ 0.7000,  0.7000,  0.7000],
       kp: [ 80.0,  80.0,  80.0], kv: [  1.0,   1.0,   1.0],
       R: [[ 0.9929,  0.0517,  0.1069], [ 0.0823,  0.3492, -0.9334], [-0.0856,  0.9356,  0.3425]],
       t: [ 0.0965, -0.0080, -0.0027]}}

