metadata:
  generator: "C3DProcessorApp"
  timestamp: "2025-12-06 22:57:08"
  version: v1
  skeleton_from: "@data/skeleton/base_v2.xml"

skeleton:
  name: "Human"
  nodes:
    - {name: Pelvis, parent: None, ee: false, 
       body: {type: Box, mass: 3.02, size: [ 0.1781,  0.1402,  0.0839], contact: false, obj: "Pelvis.obj",
       R: [[ 1.0000,  0.0000,  0.0000], [ 0.0000,  1.0000,  0.0000], [ 0.0000,  0.0000,  1.0000]],
       t: [-0.1005,  0.4272,  0.3826]}, 

       joint: {type: Free, bvh: Character1_Hips,
       R: [[ 1.0000,  0.0000,  0.0000], [ 0.0000,  1.0000,  0.0000], [ 0.0000,  0.0000,  1.0000]],
       t: [ 2.0596, -2.6932, -0.2311]}}

    - {name: FemurR, parent: Pelvis, ee: false, 
       body: {type: Box, mass: 4.12, size: [ 0.1190,  0.2528,  0.1311], contact: false, obj: "R_Femur.obj",
       R: [[ 0.9785, -0.0140, -0.2058], [-0.0171, -0.9998, -0.0133], [-0.2055,  0.0165, -0.9785]],
       t: [-0.0813, -0.1332, -0.0133]}, 

       joint: {type: Ball, bvh: Character1_RightUpLeg, 
       lower: [-1.6000, -1.6000, -1.6000], upper: [ 1.6000,  1.6000,  1.6000],
       kp: [250.0,  50.0, 200.0], kv: [ 10.0,  15.0,  15.0],
       R: [[ 1.0000,  0.0000,  0.0000], [ 0.0000,  1.0000,  0.0000], [ 0.0000,  0.0000,  1.0000]],
       t: [-0.0754, -0.0130,  0.0026]}}

    - {name: TibiaR, parent: FemurR, ee: false, 
       body: {type: Box, mass: 1.61, size: [ 0.0749,  0.2484,  0.0844], contact: false, obj: "R_Tibia.obj",
       R: [[ 0.9773,  0.0690,  0.2003], [-0.0489,  0.9934, -0.1035], [-0.2061,  0.0914,  0.9743]],
       t: [ 0.0065,  0.2573,  0.0075]}, 

       joint: {type: Revolute, bvh: Character1_RightLeg, axis: [ 1.0000,  0.0000,  0.0000], 
       lower: [-0.1000], upper: [ 2.3000],
       kp: [250.0], kv: [ 10.0],
       R: [[ 0.9785, -0.0171, -0.2055], [-0.0140, -0.9998,  0.0165], [-0.2058, -0.0133, -0.9785]],
       t: [-0.0027,  0.1161, -0.0084]}}

    - {name: TalusR, parent: TibiaR, ee: True, 
       body: {type: Box, mass: 0.49, size: [ 0.0637,  0.0445,  0.1018], contact: true, obj: "TalusR.obj",
       R: [[ 0.9994,  0.0349,  0.0000], [ 0.0348, -0.9956, -0.0872], [-0.0030,  0.0871, -0.9962]],
       t: [-0.0041,  0.1416, -0.0295]}, 

       joint: {type: Ball, bvh: Character1_RightFoot, 
       lower: [-0.8000, -0.4000, -0.4000], upper: [ 0.8000,  0.4000,  0.4000],
       kp: [250.0, 100.0, 250.0], kv: [ 10.0,  10.0,  10.0],
       R: [[ 0.9994,  0.0349,  0.0000], [ 0.0348, -0.9956, -0.0872], [-0.0030,  0.0871, -0.9962]],
       t: [-0.0180,  0.1095, -0.0017]}}

    - {name: FootPinkyR, parent: TalusR, ee: false, 
       body: {type: Box, mass: 0.05, size: [ 0.0343,  0.0234,  0.0365], contact: true, obj: "FootPinkyR.obj",
       R: [[ 1.0000,  0.0000,  0.0000], [ 0.0000,  1.0000, -0.0000], [ 0.0000, -0.0000,  1.0000]],
       t: [-0.0268, -0.0084,  0.0682]}, 

       joint: {type: Revolute, axis: [ 1.0000,  0.0000,  0.0000], 
       lower: [-0.6000], upper: [ 0.6000],
       kp: [250.0], kv: [ 10.0],
       R: [[ 1.0000,  0.0000,  0.0000], [ 0.0000,  1.0000, -0.0000], [ 0.0000, -0.0000,  1.0000]],
       t: [-0.0243, -0.0256,  0.0477]}}

    - {name: FootThumbR, parent: TalusR, ee: false, 
       body: {type: Box, mass: 0.05, size: [ 0.0355,  0.0213,  0.0343], contact: true, obj: "FootThumbR.obj",
       R: [[ 1.0000,  0.0000,  0.0000], [ 0.0000,  1.0000, -0.0000], [ 0.0000, -0.0000,  1.0000]],
       t: [ 0.0136, -0.0085,  0.0765]}, 

       joint: {type: Revolute, axis: [ 1.0000,  0.0000,  0.0000], 
       lower: [-0.6000], upper: [ 0.6000],
       kp: [250.0], kv: [ 10.0],
       R: [[ 1.0000,  0.0000,  0.0000], [ 0.0000,  1.0000, -0.0000], [ 0.0000, -0.0000,  1.0000]],
       t: [ 0.0143, -0.0255,  0.0595]}}

    - {name: FemurL, parent: Pelvis, ee: false, 
       body: {type: Box, mass: 1.47, size: [ 0.0597,  0.2395,  0.0986], contact: false, obj: "L_Femur.obj",
       R: [[ 0.9785, -0.0140, -0.2058], [ 0.0171,  0.9998,  0.0133], [ 0.2055, -0.0165,  0.9785]],
       t: [ 0.0938, -0.1248,  0.0127]}, 

       joint: {type: Ball, bvh: Character1_LeftUpLeg, 
       lower: [-1.6000, -1.6000, -1.6000], upper: [ 1.6000,  1.6000,  1.6000],
       kp: [250.0,  50.0, 200.0], kv: [ 10.0,  15.0,  15.0],
       R: [[ 1.0000,  0.0000,  0.0000], [ 0.0000,  1.0000,  0.0000], [ 0.0000,  0.0000,  1.0000]],
       t: [ 0.0624, -0.0207, -0.0028]}}

    - {name: TibiaL, parent: FemurL, ee: false, 
       body: {type: Box, mass: 2.34, size: [ 0.0926,  0.2695,  0.0915], contact: false, obj: "L_Tibia.obj",
       R: [[ 0.9773,  0.0690,  0.2003], [-0.0489,  0.9934, -0.1035], [-0.2061,  0.0914,  0.9743]],
       t: [-0.0085, -0.2631, -0.0110]}, 

       joint: {type: Revolute, bvh: Character1_LeftLeg, axis: [ 1.0000,  0.0000,  0.0000], 
       lower: [-0.1000], upper: [ 2.3000],
       kp: [250.0], kv: [ 10.0],
       R: [[ 0.9785,  0.0171,  0.2055], [-0.0140,  0.9998, -0.0165], [-0.2058,  0.0133,  0.9785]],
       t: [ 0.0014, -0.1099,  0.0063]}}

    - {name: TalusL, parent: TibiaL, ee: True, 
       body: {type: Box, mass: 0.33, size: [ 0.0617,  0.0290,  0.1085], contact: true, obj: "TalusL.obj",
       R: [[ 0.9994, -0.0349, -0.0000], [ 0.0348,  0.9956,  0.0872], [-0.0030, -0.0871,  0.9962]],
       t: [ 0.0088, -0.1493,  0.0252]}, 

       joint: {type: Ball, bvh: Character1_LeftFoot, 
       lower: [-0.8000, -0.4000, -0.4000], upper: [ 0.8000,  0.4000,  0.4000],
       kp: [250.0, 100.0, 250.0], kv: [ 10.0,  10.0,  10.0],
       R: [[ 0.9994, -0.0349, -0.0000], [ 0.0348,  0.9956,  0.0872], [-0.0030, -0.0871,  0.9962]],
       t: [ 0.0401, -0.1308,  0.0039]}}

    - {name: FootPinkyL, parent: TalusL, ee: false, 
       body: {type: Box, mass: 0.03, size: [ 0.0332,  0.0153,  0.0389], contact: true, obj: "FootPinkyL.obj",
       R: [[ 1.0000, -0.0000, -0.0000], [-0.0000,  1.0000, -0.0000], [-0.0000, -0.0000,  1.0000]],
       t: [ 0.0259, -0.0055,  0.0727]}, 

       joint: {type: Revolute, axis: [ 1.0000,  0.0000,  0.0000], 
       lower: [-0.6000], upper: [ 0.6000],
       kp: [250.0], kv: [ 10.0],
       R: [[ 1.0000, -0.0000, -0.0000], [-0.0000,  1.0000, -0.0000], [-0.0000, -0.0000,  1.0000]],
       t: [ 0.0236, -0.0167,  0.0509]}}

    - {name: FootThumbL, parent: TalusL, ee: false, 
       body: {type: Box, mass: 0.03, size: [ 0.0344,  0.0139,  0.0366], contact: true, obj: "FootThumbL.obj",
       R: [[ 1.0000, -0.0000, -0.0000], [-0.0000,  1.0000, -0.0000], [-0.0000, -0.0000,  1.0000]],
       t: [-0.0131, -0.0055,  0.0815]}, 

       joint: {type: Revolute, axis: [ 1.0000,  0.0000,  0.0000], 
       lower: [-0.6000], upper: [ 0.6000],
       kp: [250.0], kv: [ 10.0],
       R: [[ 1.0000, -0.0000, -0.0000], [-0.0000,  1.0000, -0.0000], [-0.0000, -0.0000,  1.0000]],
       t: [-0.0139, -0.0166,  0.0634]}}

    - {name: Spine, parent: Pelvis, ee: false, 
       body: {type: Box, mass: 3.66, size: [ 0.0643,  0.0636,  0.0492], contact: false, obj: "Spine.obj",
       R: [[ 1.0000,  0.0000,  0.0000], [ 0.0000,  1.0000,  0.0000], [ 0.0000,  0.0000,  1.0000]],
       t: [-0.0059,  0.1283,  0.0265]}, 

       joint: {type: Ball, bvh: Character1_Spine, 
       lower: [-0.2500, -0.2500, -0.2500], upper: [ 0.2500,  0.2500,  0.2500],
       kp: [200.0, 200.0, 200.0], kv: [ 20.0,  40.0,  40.0],
       R: [[ 1.0000,  0.0000,  0.0000], [ 0.0000,  1.0000,  0.0000], [ 0.0000,  0.0000,  1.0000]],
       t: [ 0.0552, -0.0087, -0.0460]}}

    - {name: Torso, parent: Spine, ee: false, 
       body: {type: Box, mass: 3.38, size: [ 0.1382,  0.1551,  0.1105], contact: false, obj: "Torso.obj",
       R: [[ 1.0000,  0.0000,  0.0000], [ 0.0000,  1.0000,  0.0000], [ 0.0000,  0.0000,  1.0000]],
       t: [-0.0062,  0.1286,  0.0265]}, 

       joint: {type: Ball, bvh: Character1_Spine1, 
       lower: [-0.6000, -0.6000, -0.6000], upper: [ 0.6000,  0.6000,  0.6000],
       kp: [200.0, 200.0, 200.0], kv: [ 20.0,  40.0,  40.0],
       R: [[ 1.0000,  0.0000,  0.0000], [ 0.0000,  1.0000,  0.0000], [ 0.0000,  0.0000,  1.0000]],
       t: [ 0.0477,  0.1253, -0.0142]}}

    - {name: Neck, parent: Torso, ee: false, 
       body: {type: Box, mass: 0.83, size: [ 0.0793,  0.0705,  0.0557], contact: false, obj: "Neck.obj",
       R: [[ 1.0000,  0.0000,  0.0000], [ 0.0000,  1.0000,  0.0000], [ 0.0000,  0.0000,  1.0000]],
       t: [ 0.0051,  0.1046,  0.0115]}, 

       joint: {type: Ball, bvh: Character1_Neck, 
       lower: [-0.1000, -0.6000, -0.0500], upper: [ 0.6000,  0.6000,  0.0500],
       kp: [200.0, 200.0, 200.0], kv: [ 40.0,  40.0,  40.0],
       R: [[ 1.0000,  0.0000,  0.0000], [ 0.0000,  1.0000,  0.0000], [ 0.0000,  0.0000,  1.0000]],
       t: [-0.0306, -0.0029, -0.0158]}}

    - {name: Head, parent: Neck, ee: True, 
       body: {type: Box, mass: 4.55, size: [ 0.1129,  0.1108,  0.0996], contact: false, obj: "Skull.obj",
       R: [[ 1.0000,  0.0000,  0.0000], [ 0.0000,  1.0000,  0.0000], [ 0.0000,  0.0000,  1.0000]],
       t: [ 0.0051,  0.1047,  0.0108]}, 

       joint: {type: Ball, 
       lower: [-0.6000, -0.6000, -0.6000], upper: [ 0.6000,  0.6000,  0.6000],
       kp: [200.0, 200.0, 200.0], kv: [ 40.0,  40.0,  40.0],
       R: [[ 1.0000,  0.0000,  0.0000], [ 0.0000,  1.0000,  0.0000], [ 0.0000,  0.0000,  1.0000]],
       t: [-0.0283,  0.0900, -0.0060]}}

    - {name: ArmR, parent: Torso, ee: false, 
       body: {type: Box, mass: 0.20, size: [ 0.1963,  0.0320,  0.0294], contact: false, obj: "R_Humerus.obj",
       R: [[ 0.9960,  0.0361, -0.0812], [-0.0669, -0.2971, -0.9525], [-0.0585,  0.9542, -0.2935]],
       t: [-0.2033,  0.0761, -0.0119]}, 

       joint: {type: Ball, bvh: Character1_RightArm, 
       lower: [-2.0000, -2.0000, -2.0000], upper: [ 2.0000,  2.0000,  2.0000],
       kp: [100.0, 100.0, 100.0], kv: [  1.0,   1.0,   1.0],
       R: [[ 1.0000,  0.0000,  0.0000], [ 0.0000,  1.0000,  0.0000], [ 0.0000,  0.0000,  1.0000]],
       t: [-0.1079,  0.0634, -0.0125]}}

    - {name: ForeArmR, parent: ArmR, ee: false, 
       body: {type: Box, mass: 0.26, size: [ 0.1475,  0.0284,  0.0288], contact: false, obj: "R_Radius.obj",
       R: [[ 0.9987,  0.0507, -0.0026], [-0.0508,  0.9974, -0.0519], [-0.0000,  0.0520,  0.9986]],
       t: [-0.1786, -0.0053,  0.0035]}, 

       joint: {type: Revolute, bvh: Character1_RightForeArm, axis: [ 0.0000,  1.0000,  0.0000], 
       lower: [ 0.0000], upper: [ 2.3000],
       kp: [150.0], kv: [  1.0],
       R: [[ 0.9960, -0.0669, -0.0585], [ 0.0361, -0.2971,  0.9542], [-0.0812, -0.9525, -0.2935]],
       t: [-0.0977, -0.0033,  0.0026]}}

    - {name: HandR, parent: ForeArmR, ee: True, 
       body: {type: Box, mass: 0.18, size: [ 0.0732,  0.0058,  0.0474], contact: false, obj: "R_Hand.obj",
       R: [[ 0.9613,  0.2636,  0.0799], [-0.0736,  0.5255, -0.8476], [-0.2654,  0.8089,  0.5246]],
       t: [-0.1212,  0.0109,  0.0062]}, 

       joint: {type: Ball, bvh: Character1_RightHand, 
       lower: [-0.7000, -0.7000, -0.7000], upper: [ 0.7000,  0.7000,  0.7000],
       kp: [ 80.0,  80.0,  80.0], kv: [  1.0,   1.0,   1.0],
       R: [[ 0.9929, -0.0517, -0.1069], [ 0.0823, -0.3492,  0.9334], [-0.0856, -0.9356, -0.3425]],
       t: [-0.0810,  0.0067,  0.0023]}}

    - {name: ArmL, parent: Torso, ee: false, 
       body: {type: Box, mass: 0.31, size: [ 0.2250,  0.0366,  0.0337], contact: false, obj: "L_Humerus.obj",
       R: [[ 0.9960,  0.0361, -0.0812], [ 0.0669,  0.2971,  0.9525], [ 0.0585, -0.9542,  0.2935]],
       t: [ 0.2263,  0.0825,  0.0209]}, 

       joint: {type: Ball, bvh: Character1_LeftArm, 
       lower: [-2.0000, -2.0000, -2.0000], upper: [ 2.0000,  2.0000,  2.0000],
       kp: [100.0, 100.0, 100.0], kv: [  1.0,   1.0,   1.0],
       R: [[ 1.0000,  0.0000,  0.0000], [ 0.0000,  1.0000,  0.0000], [ 0.0000,  0.0000,  1.0000]],
       t: [ 0.1162,  0.0754, -0.0052]}}

    - {name: ForeArmL, parent: ArmL, ee: false, 
       body: {type: Box, mass: 0.34, size: [ 0.1611,  0.0310,  0.0314], contact: false, obj: "L_Radius.obj",
       R: [[ 0.9987,  0.0507, -0.0026], [-0.0508,  0.9974, -0.0519], [-0.0000,  0.0520,  0.9986]],
       t: [ 0.2004,  0.0060, -0.0040]}, 

       joint: {type: Revolute, bvh: Character1_LeftForeArm, axis: [ 0.0000, -1.0000,  0.0000], 
       lower: [ 0.0000], upper: [ 2.3000],
       kp: [150.0], kv: [  1.0],
       R: [[ 0.9960,  0.0669,  0.0585], [ 0.0361,  0.2971, -0.9542], [-0.0812,  0.9525,  0.2935]],
       t: [ 0.1120,  0.0038, -0.0030]}}

    - {name: HandL, parent: ForeArmL, ee: True, 
       body: {type: Box, mass: 0.23, size: [ 0.0800,  0.0064,  0.0518], contact: false, obj: "L_Hand.obj",
       R: [[ 0.9613,  0.2636,  0.0799], [-0.0736,  0.5255, -0.8476], [-0.2654,  0.8089,  0.5246]],
       t: [ 0.1323, -0.0119, -0.0067]}, 

       joint: {type: Ball, bvh: Character1_LeftHand, 
       lower: [-0.7000, -0.7000, -0.7000], upper: [ 0.7000,  0.7000,  0.7000],
       kp: [ 80.0,  80.0,  80.0], kv: [  1.0,   1.0,   1.0],
       R: [[ 0.9929,  0.0517,  0.1069], [ 0.0823,  0.3492, -0.9334], [-0.0856,  0.9356,  0.3425]],
       t: [ 0.0885, -0.0074, -0.0025]}}

