metadata:
  generator: "surgery-tool: intoe17.yaml"
  timestamp: "2025-11-02 11:04:30"
  version: v1
  skeleton_from: "base.xml"
  git_commit: "11119ec6e816a33dfe4eb35ce495929b107c83d6"
  git_message: "bugfix: path resolve for the surgery expoprt"

skeleton:
  name: "Human"
  nodes:
    - {name: Pelvis, parent: None, ee: false, 
       body: {type: Box, mass: 7.0, size: [ 0.2583,  0.1454,  0.1294], contact: false, obj: "Pelvis.obj",
       R: [[ 1.0000,  0.0000,  0.0000], [ 0.0000,  1.0000,  0.0000], [ 0.0000,  0.0000,  1.0000]],
       t: [ 0.0000,  0.9809, -0.0116]}, 

       joint: {type: Free, bvh: Character1_Hips,
       R: [[ 1.0000,  0.0000,  0.0000], [ 0.0000,  1.0000,  0.0000], [ 0.0000,  0.0000,  1.0000]],
       t: [ 0.0000,  0.9809, -0.0116]}}

    - {name: FemurR, parent: Pelvis, ee: false, 
       body: {type: Box, mass: 7.5, size: [ 0.1271,  0.4043,  0.1398], contact: false, obj: "R_Femur.obj",
       R: [[ 0.8757, -0.0086, -0.4829], [-0.0171, -0.9998, -0.0133], [-0.4826,  0.0199, -0.8756]],
       t: [-0.0989, -0.2568, -0.0090]}, 

       joint: {type: Ball, bvh: Character1_RightUpLeg, 
       lower: [-1.6000, -1.6000, -1.6000], upper: [ 1.6000,  1.6000,  1.6000], kp: [250.0,  50.0, 200.0], kv: [ 10.0,  15.0,  15.0],
       R: [[ 0.9563,  0.0000,  0.2924], [ 0.0000,  1.0000,  0.0000], [-0.2924,  0.0000,  0.9563]],
       t: [-0.0903, -0.0472,  0.0000]}}

    - {name: TibiaR, parent: FemurR, ee: false, 
       body: {type: Box, mass: 4.0, size: [ 0.0998,  0.4156,  0.0941], contact: false, obj: "R_Tibia.obj",
       R: [[ 0.9773,  0.0690,  0.2003], [-0.0489,  0.9934, -0.1035], [-0.2061,  0.0914,  0.9743]],
       t: [ 0.0126,  0.4220,  0.0161]}, 

       joint: {type: Revolute, bvh: Character1_RightLeg, axis: [ 1.0000,  0.0000,  0.0000], 
       lower: [-0.1000], upper: [ 2.3000], kp: [250.0], kv: [ 10.0],
       R: [[ 0.9785, -0.0171, -0.2055], [-0.0140, -0.9998,  0.0165], [-0.2058, -0.0133, -0.9785]],
       t: [-0.0029,  0.1856, -0.0089]}}

    - {name: TalusR, parent: TibiaR, ee: True, 
       body: {type: Box, mass: 1.0, size: [ 0.0756,  0.0498,  0.1570], contact: true, obj: "TalusR.obj",
       R: [[ 0.9994,  0.0349,  0.0000], [ 0.0348, -0.9956, -0.0872], [-0.0030,  0.0871, -0.9962]],
       t: [-0.0089,  0.2595, -0.0327]}, 

       joint: {type: Ball, bvh: Character1_RightFoot, 
       lower: [-0.8000, -0.4000, -0.4000], upper: [ 0.8000,  0.4000,  0.4000], kp: [250.0, 100.0, 250.0], kv: [ 10.0,  10.0,  10.0],
       R: [[ 0.9994,  0.0349,  0.0000], [ 0.0348, -0.9956, -0.0872], [-0.0030,  0.0871, -0.9962]],
       t: [ 0.0050,  0.2243, -0.0118]}}

    - {name: FootPinkyR, parent: TalusR, ee: false, 
       body: {type: Box, mass: 0.1, size: [ 0.0407,  0.0262,  0.0563], contact: true, obj: "FootPinkyR.obj",
       R: [[ 1.0000,  0.0000,  0.0000], [ 0.0000,  1.0000, -0.0000], [ 0.0000, -0.0000,  1.0000]],
       t: [-0.0318, -0.0094,  0.1052]}, 

       joint: {type: Revolute, axis: [ 1.0000,  0.0000,  0.0000], 
       lower: [-0.6000], upper: [ 0.6000], kp: [250.0], kv: [ 10.0],
       R: [[ 1.0000,  0.0000,  0.0000], [ 0.0000,  1.0000, -0.0000], [ 0.0000, -0.0000,  1.0000]],
       t: [-0.0289, -0.0287,  0.0736]}}

    - {name: FootThumbR, parent: TalusR, ee: false, 
       body: {type: Box, mass: 0.1, size: [ 0.0422,  0.0238,  0.0529], contact: true, obj: "FootThumbR.obj",
       R: [[ 1.0000,  0.0000,  0.0000], [ 0.0000,  1.0000, -0.0000], [ 0.0000, -0.0000,  1.0000]],
       t: [ 0.0161, -0.0095,  0.1180]}, 

       joint: {type: Revolute, axis: [ 1.0000,  0.0000,  0.0000], 
       lower: [-0.6000], upper: [ 0.6000], kp: [250.0], kv: [ 10.0],
       R: [[ 1.0000,  0.0000,  0.0000], [ 0.0000,  1.0000, -0.0000], [ 0.0000, -0.0000,  1.0000]],
       t: [ 0.0170, -0.0285,  0.0918]}}

    - {name: FemurL, parent: Pelvis, ee: false, 
       body: {type: Box, mass: 7.5, size: [ 0.1271,  0.4043,  0.1398], contact: false, obj: "L_Femur.obj",
       R: [[ 0.8757, -0.0086, -0.4829], [ 0.0171,  0.9998,  0.0133], [ 0.4826, -0.0199,  0.8756]],
       t: [ 0.0989, -0.2568, -0.0090]}, 

       joint: {type: Ball, bvh: Character1_LeftUpLeg, 
       lower: [-1.6000, -1.6000, -1.6000], upper: [ 1.6000,  1.6000,  1.6000], kp: [250.0,  50.0, 200.0], kv: [ 10.0,  15.0,  15.0],
       R: [[ 0.9563,  0.0000, -0.2924], [ 0.0000,  1.0000,  0.0000], [ 0.2924,  0.0000,  0.9563]],
       t: [ 0.0903, -0.0472,  0.0000]}}

    - {name: TibiaL, parent: FemurL, ee: false, 
       body: {type: Box, mass: 4.0, size: [ 0.0998,  0.4156,  0.0941], contact: false, obj: "L_Tibia.obj",
       R: [[ 0.9773,  0.0690,  0.2003], [-0.0489,  0.9934, -0.1035], [-0.2061,  0.0914,  0.9743]],
       t: [-0.0126, -0.4220, -0.0161]}, 

       joint: {type: Revolute, bvh: Character1_LeftLeg, axis: [ 1.0000,  0.0000,  0.0000], 
       lower: [-0.1000], upper: [ 2.3000], kp: [250.0], kv: [ 10.0],
       R: [[ 0.9785,  0.0171,  0.2055], [-0.0140,  0.9998, -0.0165], [-0.2058,  0.0133,  0.9785]],
       t: [ 0.0029, -0.1856,  0.0089]}}

    - {name: TalusL, parent: TibiaL, ee: True, 
       body: {type: Box, mass: 1.0, size: [ 0.0756,  0.0498,  0.1570], contact: true, obj: "TalusL.obj",
       R: [[ 0.9994, -0.0349, -0.0000], [ 0.0348,  0.9956,  0.0872], [-0.0030, -0.0871,  0.9962]],
       t: [ 0.0089, -0.2595,  0.0327]}, 

       joint: {type: Ball, bvh: Character1_LeftFoot, 
       lower: [-0.8000, -0.4000, -0.4000], upper: [ 0.8000,  0.4000,  0.4000], kp: [250.0, 100.0, 250.0], kv: [ 10.0,  10.0,  10.0],
       R: [[ 0.9994, -0.0349, -0.0000], [ 0.0348,  0.9956,  0.0872], [-0.0030, -0.0871,  0.9962]],
       t: [-0.0050, -0.2243,  0.0118]}}

    - {name: FootPinkyL, parent: TalusL, ee: false, 
       body: {type: Box, mass: 0.1, size: [ 0.0407,  0.0262,  0.0563], contact: true, obj: "FootPinkyL.obj",
       R: [[ 1.0000, -0.0000, -0.0000], [-0.0000,  1.0000, -0.0000], [-0.0000, -0.0000,  1.0000]],
       t: [ 0.0318, -0.0094,  0.1052]}, 

       joint: {type: Revolute, axis: [ 1.0000,  0.0000,  0.0000], 
       lower: [-0.6000], upper: [ 0.6000], kp: [250.0], kv: [ 10.0],
       R: [[ 1.0000, -0.0000, -0.0000], [-0.0000,  1.0000, -0.0000], [-0.0000, -0.0000,  1.0000]],
       t: [ 0.0289, -0.0287,  0.0736]}}

    - {name: FootThumbL, parent: TalusL, ee: false, 
       body: {type: Box, mass: 0.1, size: [ 0.0422,  0.0238,  0.0529], contact: true, obj: "FootThumbL.obj",
       R: [[ 1.0000, -0.0000, -0.0000], [-0.0000,  1.0000, -0.0000], [-0.0000, -0.0000,  1.0000]],
       t: [-0.0161, -0.0095,  0.1180]}, 

       joint: {type: Revolute, axis: [ 1.0000,  0.0000,  0.0000], 
       lower: [-0.6000], upper: [ 0.6000], kp: [250.0], kv: [ 10.0],
       R: [[ 1.0000, -0.0000, -0.0000], [-0.0000,  1.0000, -0.0000], [-0.0000, -0.0000,  1.0000]],
       t: [-0.0170, -0.0285,  0.0918]}}

    - {name: Spine, parent: Pelvis, ee: false, 
       body: {type: Box, mass: 13.0, size: [ 0.1070,  0.0976,  0.0684], contact: false, obj: "Spine.obj",
       R: [[ 1.0000,  0.0000,  0.0000], [ 0.0000,  1.0000,  0.0000], [ 0.0000,  0.0000,  1.0000]],
       t: [ 0.0000,  0.1395,  0.0000]}, 

       joint: {type: Ball, bvh: Character1_Spine, 
       lower: [-0.2500, -0.2500, -0.2500], upper: [ 0.2500,  0.2500,  0.2500], kp: [200.0, 200.0, 200.0], kv: [ 20.0,  40.0,  40.0],
       R: [[ 1.0000,  0.0000,  0.0000], [ 0.0000,  1.0000,  0.0000], [ 0.0000,  0.0000,  1.0000]],
       t: [ 0.0000,  0.0866,  0.0000]}}

    - {name: Torso, parent: Spine, ee: false, 
       body: {type: Box, mass: 12.0, size: [ 0.2298,  0.2381,  0.1537], contact: false, obj: "Torso.obj",
       R: [[ 1.0000,  0.0000,  0.0000], [ 0.0000,  1.0000,  0.0000], [ 0.0000,  0.0000,  1.0000]],
       t: [ 0.0000,  0.2028,  0.0000]}, 

       joint: {type: Ball, bvh: Character1_Spine1, 
       lower: [-0.6000, -0.6000, -0.6000], upper: [ 0.6000,  0.6000,  0.6000], kp: [200.0, 200.0, 200.0], kv: [ 20.0,  40.0,  40.0],
       R: [[ 1.0000,  0.0000,  0.0000], [ 0.0000,  1.0000,  0.0000], [ 0.0000,  0.0000,  1.0000]],
       t: [ 0.0000,  0.0557,  0.0000]}}

    - {name: Neck, parent: Torso, ee: false, 
       body: {type: Box, mass: 1.0, size: [ 0.0793,  0.0728,  0.0652], contact: false, obj: "Neck.obj",
       R: [[ 1.0000,  0.0000,  0.0000], [ 0.0000,  1.0000,  0.0000], [ 0.0000,  0.0000,  1.0000]],
       t: [ 0.0000,  0.2065,  0.0000]}, 

       joint: {type: Ball, bvh: Character1_Neck, 
       lower: [-0.1000, -0.6000, -0.0500], upper: [ 0.6000,  0.6000,  0.0500], kp: [200.0, 200.0, 200.0], kv: [ 40.0,  40.0,  40.0],
       R: [[ 1.0000,  0.0000,  0.0000], [ 0.0000,  1.0000,  0.0000], [ 0.0000,  0.0000,  1.0000]],
       t: [ 0.0000,  0.1612,  0.0000]}}

    - {name: Head, parent: Neck, ee: True, 
       body: {type: Box, mass: 5.5, size: [ 0.1129,  0.1144,  0.1166], contact: false, obj: "Skull.obj",
       R: [[ 1.0000,  0.0000,  0.0000], [ 0.0000,  1.0000,  0.0000], [ 0.0000,  0.0000,  1.0000]],
       t: [ 0.0000,  0.1230,  0.0030]}, 

       joint: {type: Ball, 
       lower: [-0.6000, -0.6000, -0.6000], upper: [ 0.6000,  0.6000,  0.6000], kp: [200.0, 200.0, 200.0], kv: [ 40.0,  40.0,  40.0],
       R: [[ 1.0000,  0.0000,  0.0000], [ 0.0000,  1.0000,  0.0000], [ 0.0000,  0.0000,  1.0000]],
       t: [ 0.0000,  0.0355,  0.0000]}}

    - {name: ShoulderR, parent: Torso, ee: false, 
       body: {type: Box, mass: 1.0, size: [ 0.1635,  0.0634,  0.0645], contact: false, obj: "R_Shoulder.obj",
       R: [[ 0.9985, -0.0048,  0.0549], [-0.0047, -1.0000, -0.0011], [ 0.0549,  0.0008, -0.9985]],
       t: [-0.0981,  0.1412, -0.0237]}, 

       joint: {type: Ball, bvh: Character1_RightShoulder, 
       lower: [-0.1500, -0.0500, -0.0500], upper: [ 0.1500,  0.0500,  0.0500], kp: [ 30.0,  30.0,  30.0], kv: [  1.0,   1.0,   1.0],
       R: [[ 1.0000,  0.0000,  0.0000], [ 0.0000,  1.0000,  0.0000], [ 0.0000,  0.0000,  1.0000]],
       t: [-0.0147,  0.1303, -0.0237]}}

    - {name: ArmR, parent: ShoulderR, ee: false, 
       body: {type: Box, mass: 1.0, size: [ 0.3329,  0.0542,  0.0499], contact: false, obj: "R_Humerus.obj",
       R: [[ 0.9916,  0.0898, -0.0927], [ 0.0621,  0.2977,  0.9526], [ 0.1132, -0.9504,  0.2896]],
       t: [-0.2581,  0.0135, -0.0360]}, 

       joint: {type: Ball, bvh: Character1_RightArm, 
       lower: [-2.0000, -2.0000, -2.0000], upper: [ 2.0000,  2.0000,  2.0000], kp: [100.0, 100.0, 100.0], kv: [  1.0,   1.0,   1.0],
       R: [[ 0.9985, -0.0047,  0.0549], [-0.0048, -1.0000,  0.0008], [ 0.0549, -0.0011, -0.9985]],
       t: [-0.1011,  0.0299, -0.0055]}}

    - {name: ForeArmR, parent: ArmR, ee: false, 
       body: {type: Box, mass: 1.5, size: [ 0.2630,  0.0506,  0.0513], contact: false, obj: "R_Radius.obj",
       R: [[ 0.9987,  0.0507, -0.0026], [-0.0508,  0.9974, -0.0519], [-0.0000,  0.0520,  0.9986]],
       t: [-0.3100, -0.0092,  0.0061]}, 

       joint: {type: Revolute, bvh: Character1_RightForeArm, axis: [ 0.0000,  1.0000,  0.0000], 
       lower: [ 0.0000], upper: [ 2.3000], kp: [150.0], kv: [  1.0],
       R: [[ 0.9960, -0.0669, -0.0585], [ 0.0361, -0.2971,  0.9542], [-0.0812, -0.9525, -0.2935]],
       t: [-0.1657, -0.0056,  0.0045]}}

    - {name: HandR, parent: ForeArmR, ee: True, 
       body: {type: Box, mass: 1.0, size: [ 0.1306,  0.0104,  0.0846], contact: false, obj: "R_Hand.obj",
       R: [[ 0.9613,  0.2636,  0.0799], [-0.0736,  0.5255, -0.8476], [-0.2654,  0.8089,  0.5246]],
       t: [-0.2161,  0.0194,  0.0110]}, 

       joint: {type: Ball, bvh: Character1_RightHand, 
       lower: [-0.7000, -0.7000, -0.7000], upper: [ 0.7000,  0.7000,  0.7000], kp: [ 80.0,  80.0,  80.0], kv: [  1.0,   1.0,   1.0],
       R: [[ 0.9929, -0.0517, -0.1069], [ 0.0823, -0.3492,  0.9334], [-0.0856, -0.9356, -0.3425]],
       t: [-0.1445,  0.0120,  0.0040]}}

    - {name: ShoulderL, parent: Torso, ee: false, 
       body: {type: Box, mass: 1.0, size: [ 0.1635,  0.0634,  0.0645], contact: false, obj: "L_Shoulder.obj",
       R: [[ 0.9985, -0.0048,  0.0549], [ 0.0047,  1.0000,  0.0011], [-0.0549, -0.0008,  0.9985]],
       t: [ 0.0981,  0.1412, -0.0237]}, 

       joint: {type: Ball, bvh: Character1_LeftShoulder, 
       lower: [-0.1500, -0.0500, -0.0500], upper: [ 0.1500,  0.0500,  0.0500], kp: [ 30.0,  30.0,  30.0], kv: [  1.0,   1.0,   1.0],
       R: [[ 1.0000,  0.0000,  0.0000], [ 0.0000,  1.0000,  0.0000], [ 0.0000,  0.0000,  1.0000]],
       t: [ 0.0147,  0.1303, -0.0237]}}

    - {name: ArmL, parent: ShoulderL, ee: false, 
       body: {type: Box, mass: 1.0, size: [ 0.3329,  0.0542,  0.0499], contact: false, obj: "L_Humerus.obj",
       R: [[ 0.9916,  0.0898, -0.0927], [ 0.0621,  0.2977,  0.9526], [ 0.1132, -0.9504,  0.2896]],
       t: [ 0.2581, -0.0135,  0.0360]}, 

       joint: {type: Ball, bvh: Character1_LeftArm, 
       lower: [-2.0000, -2.0000, -2.0000], upper: [ 2.0000,  2.0000,  2.0000], kp: [100.0, 100.0, 100.0], kv: [  1.0,   1.0,   1.0],
       R: [[ 0.9985,  0.0047, -0.0549], [-0.0048,  1.0000, -0.0008], [ 0.0549,  0.0011,  0.9985]],
       t: [ 0.1011, -0.0299,  0.0055]}}

    - {name: ForeArmL, parent: ArmL, ee: false, 
       body: {type: Box, mass: 1.5, size: [ 0.2630,  0.0506,  0.0513], contact: false, obj: "L_Radius.obj",
       R: [[ 0.9987,  0.0507, -0.0026], [-0.0508,  0.9974, -0.0519], [-0.0000,  0.0520,  0.9986]],
       t: [ 0.3100,  0.0092, -0.0061]}, 

       joint: {type: Revolute, bvh: Character1_LeftForeArm, axis: [ 0.0000, -1.0000,  0.0000], 
       lower: [ 0.0000], upper: [ 2.3000], kp: [150.0], kv: [  1.0],
       R: [[ 0.9960,  0.0669,  0.0585], [ 0.0361,  0.2971, -0.9542], [-0.0812,  0.9525,  0.2935]],
       t: [ 0.1657,  0.0056, -0.0045]}}

    - {name: HandL, parent: ForeArmL, ee: True, 
       body: {type: Box, mass: 1.0, size: [ 0.1306,  0.0104,  0.0846], contact: false, obj: "L_Hand.obj",
       R: [[ 0.9613,  0.2636,  0.0799], [-0.0736,  0.5255, -0.8476], [-0.2654,  0.8089,  0.5246]],
       t: [ 0.2161, -0.0194, -0.0110]}, 

       joint: {type: Ball, bvh: Character1_LeftHand, 
       lower: [-0.7000, -0.7000, -0.7000], upper: [ 0.7000,  0.7000,  0.7000], kp: [ 80.0,  80.0,  80.0], kv: [  1.0,   1.0,   1.0],
       R: [[ 0.9929,  0.0517,  0.1069], [ 0.0823,  0.3492, -0.9334], [-0.0856,  0.9356,  0.3425]],
       t: [ 0.1445, -0.0120, -0.0040]}}

