metadata:
  generator: "MusclePersonalizer"
  timestamp: "2025-12-27 13:38:27"
  version: v1
  skeleton_from: "personalized.yaml"
  git_commit: "f0e2d7d954486ed292e1b6e23b04625280be2069"
  git_message: "dev: length curve with dof limit"

skeleton:
  name: "Human"
  nodes:
    - {name: Pelvis, parent: None, ee: false, 
       body: {type: Box, mass: 4.4, size: [ 0.2213,  0.1418,  0.0974], contact: false, obj: "Pelvis.obj",
       R: [[ 1.0000,  0.0000,  0.0000], [ 0.0000,  1.0000,  0.0000], [ 0.0000,  0.0000,  1.0000]],
       t: [ 0.0000,  0.9809, -0.0116]}, 

       joint: {type: Free, bvh: Character1_Hips,
       R: [[ 1.0000,  0.0000,  0.0000], [ 0.0000,  1.0000,  0.0000], [ 0.0000,  0.0000,  1.0000]],
       t: [ 0.0000,  0.9809, -0.0116]}}

    - {name: FemurR, parent: Pelvis, ee: false, 
       body: {type: Box, mass: 5.1, size: [ 0.1363,  0.3521,  0.1022], contact: false, obj: "R_Femur.obj",
       R: [[ 0.9785, -0.0140, -0.2057], [-0.0171, -0.9998, -0.0133], [-0.2055,  0.0165, -0.9785]],
       t: [-0.0969, -0.2065,  0.0140]}, 

       joint: {type: Ball, bvh: Character1_RightUpLeg, 
       lower: [-1.6000, -1.6000, -1.6000], upper: [ 1.6000,  1.6000,  1.6000],
       kp: [250.0,  50.0, 200.0], kv: [ 10.0,  15.0,  15.0],
       R: [[ 1.0000,  0.0000,  0.0000], [ 0.0000,  1.0000,  0.0000], [ 0.0000,  0.0000,  1.0000]],
       t: [-0.0734, -0.0299, -0.0021]}}

    - {name: TibiaR, parent: FemurR, ee: false, 
       body: {type: Box, mass: 2.2, size: [ 0.0978,  0.3568,  0.0615], contact: false, obj: "R_Tibia.obj",
       R: [[ 0.9773,  0.0690,  0.2003], [-0.0489,  0.9934, -0.1035], [-0.2061,  0.0914,  0.9743]],
       t: [ 0.0099,  0.3646,  0.0144]}, 

       joint: {type: Revolute, bvh: Character1_RightLeg, axis: [ 1.0000,  0.0000,  0.0000], 
       lower: [-0.1000], upper: [ 2.3000],
       kp: [250.0], kv: [ 10.0],
       R: [[ 0.9785, -0.0171, -0.2056], [-0.0140, -0.9998,  0.0165], [-0.2058, -0.0133, -0.9785]],
       t: [-0.0031,  0.1617, -0.0065]}}

    - {name: TalusR, parent: TibiaR, ee: True, 
       body: {type: Box, mass: 0.9, size: [ 0.0649,  0.0625,  0.1374], contact: true, obj: "TalusR.obj",
       R: [[ 0.9994,  0.0349,  0.0000], [ 0.0348, -0.9956, -0.0872], [-0.0030,  0.0871, -0.9962]],
       t: [-0.0186,  0.2544, -0.0394]}, 

       joint: {type: Ball, bvh: Character1_RightFoot, 
       lower: [-0.8000, -0.4000, -0.4000], upper: [ 0.8000,  0.4000,  0.4000],
       kp: [250.0, 100.0, 250.0], kv: [ 10.0,  10.0,  10.0],
       R: [[ 0.9994,  0.0349,  0.0000], [ 0.0348, -0.9956, -0.0872], [-0.0030,  0.0871, -0.9962]],
       t: [-0.0594,  0.2126, -0.0056]}}

    - {name: FootPinkyR, parent: TalusR, ee: false, 
       body: {type: Box, mass: 0.1, size: [ 0.0349,  0.0329,  0.0493], contact: true, obj: "FootPinkyR.obj",
       R: [[ 1.0000,  0.0000,  0.0000], [ 0.0000,  1.0000,  0.0000], [ 0.0000,  0.0000,  1.0000]],
       t: [-0.0273, -0.0118,  0.0921]}, 

       joint: {type: Revolute, axis: [ 1.0000,  0.0000,  0.0000], 
       lower: [-0.6000], upper: [ 0.6000],
       kp: [250.0], kv: [ 10.0],
       R: [[ 1.0000,  0.0000,  0.0000], [ 0.0000,  1.0000, -0.0000], [ 0.0000, -0.0000,  1.0000]],
       t: [-0.0248, -0.0360,  0.0644]}}

    - {name: FootThumbR, parent: TalusR, ee: false, 
       body: {type: Box, mass: 0.1, size: [ 0.0362,  0.0299,  0.0463], contact: true, obj: "FootThumbR.obj",
       R: [[ 1.0000,  0.0000,  0.0000], [ 0.0000,  1.0000,  0.0000], [ 0.0000,  0.0000,  1.0000]],
       t: [ 0.0138, -0.0119,  0.1033]}, 

       joint: {type: Revolute, axis: [ 1.0000,  0.0000,  0.0000], 
       lower: [-0.6000], upper: [ 0.6000],
       kp: [250.0], kv: [ 10.0],
       R: [[ 1.0000,  0.0000,  0.0000], [ 0.0000,  1.0000, -0.0000], [ 0.0000, -0.0000,  1.0000]],
       t: [ 0.0146, -0.0358,  0.0803]}}

    - {name: FemurL, parent: Pelvis, ee: false, 
       body: {type: Box, mass: 3.0, size: [ 0.0942,  0.3535,  0.0859], contact: false, obj: "L_Femur.obj",
       R: [[ 0.9785, -0.0140, -0.2057], [ 0.0171,  0.9998,  0.0133], [ 0.2055, -0.0165,  0.9785]],
       t: [ 0.1534, -0.2179, -0.0102]}, 

       joint: {type: Ball, bvh: Character1_LeftUpLeg, 
       lower: [-1.6000, -1.6000, -1.6000], upper: [ 1.6000,  1.6000,  1.6000],
       kp: [250.0,  50.0, 200.0], kv: [ 10.0,  15.0,  15.0],
       R: [[ 1.0000,  0.0000,  0.0000], [ 0.0000,  1.0000,  0.0000], [ 0.0000,  0.0000,  1.0000]],
       t: [ 0.0758, -0.0289,  0.0086]}}

    - {name: TibiaL, parent: FemurL, ee: false, 
       body: {type: Box, mass: 3.5, size: [ 0.0872,  0.3530,  0.1127], contact: false, obj: "L_Tibia.obj",
       R: [[ 0.9773,  0.0690,  0.2003], [-0.0489,  0.9934, -0.1035], [-0.2061,  0.0914,  0.9743]],
       t: [-0.0112, -0.3629, -0.0168]}, 

       joint: {type: Revolute, bvh: Character1_LeftLeg, axis: [ 1.0000,  0.0000,  0.0000], 
       lower: [-0.1000], upper: [ 2.3000],
       kp: [250.0], kv: [ 10.0],
       R: [[ 0.9785,  0.0171,  0.2056], [-0.0140,  0.9998, -0.0165], [-0.2058,  0.0133,  0.9785]],
       t: [ 0.0021, -0.1623,  0.0055]}}

    - {name: TalusL, parent: TibiaL, ee: True, 
       body: {type: Box, mass: 0.6, size: [ 0.0512,  0.0493,  0.1441], contact: true, obj: "TalusL.obj",
       R: [[ 0.9994, -0.0349, -0.0000], [ 0.0348,  0.9956,  0.0872], [-0.0030, -0.0871,  0.9962]],
       t: [ 0.0101, -0.2073,  0.0452]}, 

       joint: {type: Ball, bvh: Character1_LeftFoot, 
       lower: [-0.8000, -0.4000, -0.4000], upper: [ 0.8000,  0.4000,  0.4000],
       kp: [250.0, 100.0, 250.0], kv: [ 10.0,  10.0,  10.0],
       R: [[ 0.9994, -0.0349, -0.0000], [ 0.0348,  0.9956,  0.0872], [-0.0030, -0.0871,  0.9962]],
       t: [ 0.0259, -0.1784,  0.0178]}}

    - {name: FootPinkyL, parent: TalusL, ee: false, 
       body: {type: Box, mass: 0.1, size: [ 0.0276,  0.0259,  0.0517], contact: true, obj: "FootPinkyL.obj",
       R: [[ 1.0000,  0.0000,  0.0000], [ 0.0000,  1.0000,  0.0000], [ 0.0000,  0.0000,  1.0000]],
       t: [ 0.0215, -0.0093,  0.0966]}, 

       joint: {type: Revolute, axis: [ 1.0000,  0.0000,  0.0000], 
       lower: [-0.6000], upper: [ 0.6000],
       kp: [250.0], kv: [ 10.0],
       R: [[ 1.0000, -0.0000,  0.0000], [-0.0000,  1.0000,  0.0000], [-0.0000,  0.0000,  1.0000]],
       t: [ 0.0196, -0.0284,  0.0676]}}

    - {name: FootThumbL, parent: TalusL, ee: false, 
       body: {type: Box, mass: 0.1, size: [ 0.0286,  0.0236,  0.0486], contact: true, obj: "FootThumbL.obj",
       R: [[ 1.0000,  0.0000,  0.0000], [ 0.0000,  1.0000,  0.0000], [ 0.0000,  0.0000,  1.0000]],
       t: [-0.0109, -0.0094,  0.1083]}, 

       joint: {type: Revolute, axis: [ 1.0000,  0.0000,  0.0000], 
       lower: [-0.6000], upper: [ 0.6000],
       kp: [250.0], kv: [ 10.0],
       R: [[ 1.0000, -0.0000,  0.0000], [-0.0000,  1.0000,  0.0000], [-0.0000,  0.0000,  1.0000]],
       t: [-0.0115, -0.0282,  0.0843]}}

    - {name: Spine, parent: Pelvis, ee: false, 
       body: {type: Box, mass: 8.0, size: [ 0.0974,  0.0780,  0.0575], contact: false, obj: "Spine.obj",
       R: [[ 1.0000,  0.0000,  0.0000], [ 0.0000,  1.0000,  0.0000], [ 0.0000,  0.0000,  1.0000]],
       t: [-0.0143,  0.1671, -0.0168]}, 

       joint: {type: Ball, bvh: Character1_Spine, 
       lower: [-0.2500, -0.2500, -0.2500], upper: [ 0.2500,  0.2500,  0.2500],
       kp: [200.0, 200.0, 200.0], kv: [ 20.0,  40.0,  40.0],
       R: [[ 1.0000,  0.0000,  0.0000], [ 0.0000,  1.0000,  0.0000], [ 0.0000,  0.0000,  1.0000]],
       t: [ 0.0094,  0.0685, -0.0959]}}

    - {name: Torso, parent: Spine, ee: false, 
       body: {type: Box, mass: 7.3, size: [ 0.2091,  0.1903,  0.1292], contact: false, obj: "Torso.obj",
       R: [[ 1.0000,  0.0000,  0.0000], [ 0.0000,  1.0000,  0.0000], [ 0.0000,  0.0000,  1.0000]],
       t: [-0.0144,  0.1671, -0.0167]}, 

       joint: {type: Ball, bvh: Character1_Spine1, 
       lower: [-0.6000, -0.6000, -0.6000], upper: [ 0.6000,  0.6000,  0.6000],
       kp: [200.0, 200.0, 200.0], kv: [ 20.0,  40.0,  40.0],
       R: [[ 1.0000,  0.0000,  0.0000], [ 0.0000,  1.0000,  0.0000], [ 0.0000,  0.0000,  1.0000]],
       t: [ 0.0110,  0.2192, -0.1241]}}

    - {name: Neck, parent: Torso, ee: false, 
       body: {type: Box, mass: 0.9, size: [ 0.0793,  0.0690,  0.0637], contact: false, obj: "Neck.obj",
       R: [[ 1.0000,  0.0000,  0.0000], [ 0.0000,  1.0000,  0.0000], [ 0.0000,  0.0000,  1.0000]],
       t: [ 0.0074,  0.1468, -0.0244]}, 

       joint: {type: Ball, bvh: Character1_Neck, 
       lower: [-0.1000, -0.6000, -0.0500], upper: [ 0.6000,  0.6000,  0.0500],
       kp: [200.0, 200.0, 200.0], kv: [ 40.0,  40.0,  40.0],
       R: [[ 1.0000,  0.0000,  0.0000], [ 0.0000,  1.0000,  0.0000], [ 0.0000,  0.0000,  1.0000]],
       t: [ 0.0446, -0.0522, -0.0296]}}

    - {name: Head, parent: Neck, ee: True, 
       body: {type: Box, mass: 5.1, size: [ 0.1129,  0.1084,  0.1139], contact: false, obj: "Skull.obj",
       R: [[ 1.0000,  0.0000,  0.0000], [ 0.0000,  1.0000,  0.0000], [ 0.0000,  0.0000,  1.0000]],
       t: [ 0.0072,  0.1478, -0.0227]}, 

       joint: {type: Ball, 
       lower: [-0.6000, -0.6000, -0.6000], upper: [ 0.6000,  0.6000,  0.6000],
       kp: [200.0, 200.0, 200.0], kv: [ 40.0,  40.0,  40.0],
       R: [[ 1.0000,  0.0000,  0.0000], [ 0.0000,  1.0000,  0.0000], [ 0.0000,  0.0000,  1.0000]],
       t: [ 0.0502,  0.1062, -0.0490]}}

    - {name: ArmR, parent: Torso, ee: false, 
       body: {type: Box, mass: 0.5, size: [ 0.2601,  0.0424,  0.0390], contact: false, obj: "R_Humerus.obj",
       R: [[ 0.9960,  0.0361, -0.0812], [-0.0669, -0.2971, -0.9525], [-0.0585,  0.9542, -0.2935]],
       t: [-0.2895,  0.1191,  0.0077]}, 

       joint: {type: Ball, bvh: Character1_RightArm, 
       lower: [-2.0000, -2.0000, -2.0000], upper: [ 2.0000,  2.0000,  2.0000],
       kp: [100.0, 100.0, 100.0], kv: [  1.0,   1.0,   1.0],
       R: [[ 1.0000,  0.0000,  0.0000], [ 0.0000,  1.0000,  0.0000], [ 0.0000,  0.0000,  1.0000]],
       t: [-0.1515,  0.0937, -0.0207]}}

    - {name: ForeArmR, parent: ArmR, ee: false, 
       body: {type: Box, mass: 0.9, size: [ 0.2202,  0.0424,  0.0429], contact: false, obj: "R_Radius.obj",
       R: [[ 0.9987,  0.0507, -0.0026], [-0.0508,  0.9974, -0.0519], [ 0.0000,  0.0520,  0.9986]],
       t: [-0.2503, -0.0074,  0.0048]}, 

       joint: {type: Revolute, bvh: Character1_RightForeArm, axis: [ 0.0000,  1.0000,  0.0000], 
       lower: [ 0.0000], upper: [ 2.3000],
       kp: [150.0], kv: [  1.0],
       R: [[ 0.9960, -0.0669, -0.0585], [ 0.0361, -0.2971,  0.9542], [-0.0812, -0.9525, -0.2935]],
       t: [-0.1295, -0.0044,  0.0035]}}

    - {name: HandR, parent: ForeArmR, ee: True, 
       body: {type: Box, mass: 0.6, size: [ 0.1093,  0.0087,  0.0708], contact: false, obj: "R_Hand.obj",
       R: [[ 0.9613,  0.2636,  0.0799], [-0.0736,  0.5255, -0.8476], [-0.2654,  0.8089,  0.5246]],
       t: [-0.1809,  0.0162,  0.0092]}, 

       joint: {type: Ball, bvh: Character1_RightHand, 
       lower: [-0.7000, -0.7000, -0.7000], upper: [ 0.7000,  0.7000,  0.7000],
       kp: [ 80.0,  80.0,  80.0], kv: [  1.0,   1.0,   1.0],
       R: [[ 0.9929, -0.0517, -0.1069], [ 0.0823, -0.3492,  0.9334], [-0.0856, -0.9356, -0.3425]],
       t: [-0.1209,  0.0101,  0.0034]}}

    - {name: ArmL, parent: Torso, ee: false, 
       body: {type: Box, mass: 0.8, size: [ 0.3107,  0.0506,  0.0466], contact: false, obj: "L_Humerus.obj",
       R: [[ 0.9960,  0.0361, -0.0812], [ 0.0669,  0.2971,  0.9525], [ 0.0585, -0.9542,  0.2935]],
       t: [ 0.3190,  0.0905,  0.0155]}, 

       joint: {type: Ball, bvh: Character1_LeftArm, 
       lower: [-2.0000, -2.0000, -2.0000], upper: [ 2.0000,  2.0000,  2.0000],
       kp: [100.0, 100.0, 100.0], kv: [  1.0,   1.0,   1.0],
       R: [[ 1.0000,  0.0000,  0.0000], [ 0.0000,  1.0000,  0.0000], [ 0.0000,  0.0000,  1.0000]],
       t: [ 0.1771,  0.0843, -0.0117]}}

    - {name: ForeArmL, parent: ArmL, ee: false, 
       body: {type: Box, mass: 1.1, size: [ 0.2343,  0.0451,  0.0457], contact: false, obj: "L_Radius.obj",
       R: [[ 0.9987,  0.0507, -0.0026], [-0.0508,  0.9974, -0.0519], [ 0.0000,  0.0520,  0.9986]],
       t: [ 0.2832,  0.0084, -0.0056]}, 

       joint: {type: Revolute, bvh: Character1_LeftForeArm, axis: [ 0.0000, -1.0000,  0.0000], 
       lower: [ 0.0000], upper: [ 2.3000],
       kp: [150.0], kv: [  1.0],
       R: [[ 0.9960,  0.0669,  0.0585], [ 0.0361,  0.2971, -0.9542], [-0.0812,  0.9525,  0.2935]],
       t: [ 0.1546,  0.0053, -0.0042]}}

    - {name: HandL, parent: ForeArmL, ee: True, 
       body: {type: Box, mass: 0.7, size: [ 0.1164,  0.0093,  0.0754], contact: false, obj: "L_Hand.obj",
       R: [[ 0.9613,  0.2636,  0.0799], [-0.0736,  0.5255, -0.8476], [-0.2654,  0.8089,  0.5246]],
       t: [ 0.1925, -0.0173, -0.0098]}, 

       joint: {type: Ball, bvh: Character1_LeftHand, 
       lower: [-0.7000, -0.7000, -0.7000], upper: [ 0.7000,  0.7000,  0.7000],
       kp: [ 80.0,  80.0,  80.0], kv: [  1.0,   1.0,   1.0],
       R: [[ 0.9929,  0.0517,  0.1069], [ 0.0823,  0.3492, -0.9334], [-0.0856,  0.9356,  0.3425]],
       t: [ 0.1287, -0.0107, -0.0036]}}

